0000001750
0000001800
0000002034
0000002098
0000002178
0000002488
0000002491
0000002809
0000002969
0000003116
0000003146
0000003499
0000003545
0000004281
0000004457
0000004904
0000004962
0000004969
0000004977
0000005133
0000005272
0000005656
0000005768
0000005981
0000006176
0000006201
0000006207
0000006281
0000006284
0000006314
0000006494
0000006769
0000006845
0000006951
0000006955
0000007039
0000007084
0000007286
0000007431
0000007536
0000007623
0000007789
0000008063
0000008146
0000008177
0000008328
0000008411
0000008504
0000008670
0000008818
0000008855
0000008858
0000008868
0000008947
0000009092
0000009326
0000009346
0000009389
0000012239
0000018172
0000020639
0000022872
0000030302
0000034782
0000038723
0000039677
0000040729
0000040888
0000046129
0000050104
0000052795
0000058592
0000066740
0000066756
0000072444
0000072499
0000078128
0000078749
0000080019
0000094784
0000095953
0000097196
0000098618
0000100591
0000104777
0000104918
0000105608
0000109563
0000277905
0000278165
0000311471
0000315293
0000316888
0000318154
0000318306
0000320193
0000350698
0000350832
0000351483
0000351569
0000352541
0000352736
0000352991
0000353020
0000353184
0000354190
0000701288
0000701853
0000704562
0000706688
0000707605
0000710782
0000711065
0000712034
0000713425
0000715446
0000715579
0000717538
0000718877
0000719135
0000719866
0000720500
0000722077
0000723533
0000723612
0000725929
0000726293
0000726435
0000727207
0000727538
0000727920
0000730464
0000731802
0000732717
0000733269
0000734543
0000737207
0000738214
0000741516
0000743758
0000744452
0000744825
0000745543
0000750574
0000753048
0000760498
0000764180
0000766421
0000768251
0000769218
0000769397
0000771497
0000773717
0000773910
0000775057
0000775368
0000778164
0000779544
0000784199
0000785787
0000786947
0000792977
0000792987
0000794619
0000796343
0000799231
0000799850
0000802967
0000804212
0000805264
0000805928
0000808362
0000812149
0000813621
0000814046
0000815094
0000816159
0000817135
0000817979
0000819689
0000819793
0000820027
0000820313
0000820901
0000821026
0000822746
0000823546
0000824142
0000825171
0000825313
0000826253
0000826326
0000828530
0000830159
0000835662
0000836809
0000839759
0000842180
0000842314
0000843006
0000843212
0000844161
0000846377
0000849401
0000849706
0000850693
0000855574
0000855787
0000856135
0000856984
0000858803
0000859163
0000859747
0000861361
0000861838
0000862861
0000863110
0000864270
0000865415
0000866121
0000866291
0000866787
0000867028
0000867665
0000868740
0000868857
0000869187
0000869531
0000869986
0000870732
0000872448
0000873198
0000874214
0000874292
0000874501
0000874710
0000874761
0000876378
0000879407
0000879585
0000879796
0000879911
0000880266
0000880555
0000880807
0000880984
0000881890
0000882291
0000882361
0000883948
0000884144
0000884269
0000884731
0000885074
0000885322
0000886093
0000887247
0000887359
0000889156
0000890564
0000890821
0000891417
0000891478
0000893821
0000894081
0000894245
0000894405
0000894871
0000895930
0000896159
0000896262
0000896493
0000896622
0000896747
0000896841
0000897077
0000897315
0000897448
0000898437
0000899051
0000899629
0000899866
0000900278
0000901832
0000903419
0000904163
0000907654
0000908598
0000910322
0000910638
0000911635
0000913059
0000913077
0000915912
0000915913
0000916529
0000917251
0000918160
0000918573
0000918997
0000919012
0000921114
0000921560
0000922864
0000923601
0000925261
0000926282
0000926617
0000926660
0000927003
0000927417
0000927569
0000928465
0000929887
0000929940
0000930245
0000931755
0000932628
0000932699
0000933972
0000933974
0000934543
0000934549
0000935036
0000935493
0000936446
0000937966
0000939930
0000940332
0000943003
0000943034
0000945617
0000945828
0000945989
0000946454
0000946644
0000946822
0000947484
0000949721
0000949858
0000949982
0001001258
0001001463
0001001907
0001002225
0001002360
0001002388
0001002390
0001002910
0001004155
0001004156
0001004434
0001004724
0001005010
0001005201
0001008848
0001009891
0001009925
0001011060
0001011109
0001011290
0001011432
0001012477
0001013238
0001013462
0001014763
0001015383
0001015647
0001015739
0001016169
0001016546
0001017491
0001018724
0001018840
0001018963
0001018979
0001019542
0001019695
0001021917
0001022899
0001023024
0001023298
0001023364
0001023453
0001023458
0001023731
0001025315
0001026980
0001027235
0001027552
0001028153
0001031896
0001034670
0001035443
0001036848
0001037049
0001037676
0001037868
0001039757
0001039828
0001040470
0001040482
0001040721
0001040850
0001041577
0001042046
0001043186
0001043219
0001044435
0001047127
0001047884
0001047919
0001051627
0001052257
0001053507
0001054274
0001056903
0001057051
0001059142
0001060426
0001061069
0001062128
0001062231
0001062478
0001062506
0001062579
0001065087
0001065201
0001067428
0001067837
0001067873
0001068875
0001069152
0001069183
0001069308
0001070050
0001070336
0001070494
0001070789
0001071058
0001071371
0001073146
0001077800
0001080709
0001081074
0001081078
0001081860
0001083446
0001083922
0001084507
0001084869
0001085596
0001085621
0001086222
0001086434
0001086600
0001086745
0001087022
0001089511
0001090514
0001090872
0001091587
0001091748
0001092796
0001092914
0001093636
0001094032
0001095130
0001095146
0001096950
0001097149
0001098009
0001098972
0001100397
0001100412
0001100542
0001100592
0001101215
0001102238
0001103384
0001105533
0001107421
0001108046
0001108236
0001109357
0001109448
0001109504
0001113232
0001113313
0001113423
0001116521
0001117057
0001118004
0001118974
0001121745
0001121783
0001122304
0001122342
0001122411
0001122976
0001123596
0001124804
0001125264
0001126003
0001129048
0001129137
0001130758
0001131096
0001131343
0001131543
0001132651
0001133266
0001134982
0001135185
0001137005
0001138723
0001138776
0001139822
0001140098
0001140859
0001141107
0001141284
0001141807
0001142750
0001142801
0001143908
0001144215
0001144879
0001144980
0001145460
0001145986
0001156039
0001157377
0001157516
0001158114
0001158223
0001158449
0001158838
0001159281
0001161611
0001162315
0001163348
0001164191
0001166568
0001167379
0001167887
0001167905
0001168213
0001168663
0001169440
0001169770
0001171008
0001172318
0001172494
0001173313
0001173752
0001174169
0001175028
0001175596
0001176316
0001176948
0001178670
0001178819
0001178879
0001182129
0001185198
0001186258
0001191359
0001195116
0001198415
0001201663
0001201792
0001209028
0001211524
0001211583
0001214816
0001221554
0001227268
0001228386
0001231339
0001232582
0001238289
0001243429
0001251769
0001253986
0001261249
0001261734
0001265848
0001267238
0001267395
0001267602
0001269022
0001269026
0001272842
0001273636
0001273813
0001275187
0001276671
0001278027
0001280263
0001280600
0001282543
0001282613
0001283630
0001283810
0001286459
0001286973
0001287750
0001294208
0001294476
0001295401
0001295484
0001297184
0001297667
0001297735
0001299709
0001300524
0001300699
0001300938
0001301063
0001301501
0001304409
0001304492
0001305014
0001305168
0001307969
0001309132
0001310527
0001314052
0001314223
0001315718
0001316016
0001316175
0001316644
0001316645
0001321834
0001322505
0001323885
0001323891
0001324772
0001325740
0001325879
0001325955
0001326190
0001326321
0001327978
0001328143
0001328655
0001329099
0001330466
0001332551
0001333986
0001335236
0001336339
0001336545
0001337553
0001338042
0001338929
0001339970
0001341235
0001342068
0001342514
0001342936
0001343009
0001343304
0001344376
0001344413
0001344596
0001344980
0001347218
0001347452
0001347491
0001347858
0001348036
0001350102
0001350653
0001352952
0001353538
0001353633
0001355736
0001357361
0001357369
0001359931
0001360334
0001361394
0001362190
0001362468
0001362502
0001362898
0001362988
0001364128
0001365555
0001365742
0001365767
0001365916
0001367064
0001367832
0001368148
0001368514
0001368622
0001370053
0001372414
0001372954
0001373690
0001374535
0001374985
0001375195
0001375618
0001376610
0001377053
0001377757
0001377789
0001378706
0001378789
0001379763
0001380412
0001381074
0001382219
0001382298
0001382787
0001385799
0001385818
0001387156
0001387467
0001388320
0001389050
0001389217
0001390292
0001390312
0001391135
0001393584
0001394108
0001394832
0001394872
0001394922
0001395848
0001397807
0001398733
0001398987
0001399095
0001399541
0001399542
0001400000
0001400482
0001400683
0001401521
0001401670
0001402606
0001403081
0001403433
0001403792
0001404123
0001404296
0001404624
0001404644
0001405073
0001405249
0001405660
0001405858
0001407573
0001409014
0001409036
0001410636
0001410711
0001411058
0001411158
0001411207
0001411494
0001411579
0001411906
0001413257
0001413745
0001413855
0001413898
0001415277
0001415917
0001416183
0001417370
0001418100
0001418121
0001419242
0001419275
0001419552
0001419553
0001419554
0001419556
0001419560
0001419625
0001420033
0001420034
0001420035
0001420520
0001420525
0001420529
0001420565
0001421819
0001421901
0001422142
0001422222
0001422768
0001422841
0001423689
0001423824
0001424549
0001424640
0001424812
0001425203
0001425287
0001426800
0001427644
0001427925
0001428205
0001428397
0001429896
0001429937
0001431888
0001431897
0001432001
0001432290
0001432364
0001432967
0001432985
0001432987
0001433195
0001433270
0001433669
0001433821
0001433833
0001434768
0001435049
0001435812
0001437106
0001437402
0001437517
0001438660
0001438731
0001438901
0001439222
0001439237
0001440153
0001440476
0001441362
0001441634
0001441683
0001442999
0001444144
0001444192
0001444310
0001445226
0001445467
0001446896
0001447028
0001448301
0001448597
0001448763
0001449097
0001449349
0001450390
0001450708
0001450922
0001450923
0001451797
0001451929
0001452872
0001453015
0001453122
0001453593
0001453684
0001454124
0001454189
0001454789
0001455863
0001458023
0001459200
0001459417
0001459862
0001460235
0001461755
0001462056
0001462418
0001463389
0001464300
0001464343
0001464790
0001464865
0001467373
0001467760
0001467913
0001468079
0001468328
0001468516
0001468679
0001468929
0001469038
0001469317
0001469443
0001469606
0001470683
0001471055
0001472093
0001472595
0001473654
0001474042
0001474464
0001474777
0001477009
0001477472
0001477720
0001477776
0001477845
0001478132
0001478320
0001479142
0001481504
0001481646
0001483096
0001483386
0001486299
0001486315
0001486526
0001486957
0001487198
0001487561
0001487712
0001487718
0001487990
0001488039
0001488139
0001488638
0001489895
0001490054
0001491778
0001491829
0001492074
0001492091
0001492422
0001493109
0001494558
0001496443
0001497251
0001497316
0001497647
0001497764
0001498068
0001498122
0001498148
0001498301
0001498864
0001499268
0001499505
0001499684
0001499686
0001499875
0001500123
0001500217
0001500366
0001500554
0001500711
0001500861
0001501162
0001501489
0001501697
0001501720
0001501745
0001501756
0001501796
0001502152
0001502154
0001503455
0001503518
0001504239
0001504388
0001504876
0001505367
0001506374
0001506385
0001506545
0001506546
0001506928
0001507385
0001507615
0001508348
0001508475
0001508478
0001509190
0001509261
0001510976
0001511161
0001513525
0001513818
0001513965
0001514281
0001514443
0001514597
0001514946
0001514991
0001515139
0001515156
0001515980
0001516973
0001517022
0001517302
0001517496
0001518403
0001518461
0001518548
0001518587
0001519117
0001520262
0001520300
0001520697
0001521332
0001521466
0001521722
0001521847
0001522165
0001522222
0001522860
0001525494
0001526113
0001526759
0001527027
0001527469
0001527636
0001527675
0001527705
0001528115
0001528697
0001528875
0001528903
0001529004
0001529274
0001529293
0001529377
0001529804
0001530185
0001530425
0001530746
0001532288
0001532346
0001532390
0001532750
0001532882
0001533030
0001533106
0001533455
0001533924
0001534099
0001534120
0001534154
0001534155
0001534248
0001534629
0001537069
0001537169
0001537258
0001537293
0001537561
0001537660
0001539551
0001539778
0001539894
0001540684
0001540755
0001541157
0001541354
0001542624
0001543739
0001544400
0001545232
0001545236
0001545654
0001546383
0001546640
0001547530
0001548981
0001549145
0001550377
0001550929
0001550956
0001551152
0001551986
0001552164
0001552448
0001553264
0001554054
0001554594
0001554818
0001554923
0001555017
0001555039
0001555074
0001555279
0001556266
0001556753
0001556766
0001557565
0001557746
0001557939
0001558465
0001558583
0001559001
0001559720
0001559998
0001561032
0001561092
0001561865
0001562107
0001562401
0001562528
0001562738
0001563536
0001563568
0001564824
0001565025
0001565220
0001566049
0001566243
0001566265
0001566978
0001568162
0001568969
0001569187
0001570132
0001570937
0001571804
0001572552
0001572621
0001572702
0001574085
0001574232
0001574648
0001574672
0001574910
0001575048
0001575295
0001575319
0001575599
0001575969
0001576336
0001576873
0001576885
0001577423
0001577437
0001577552
0001578327
0001578328
0001578329
0001578845
0001579241
0001579428
0001579823
0001580167
0001580443
0001580485
0001580490
0001580808
0001580883
0001581545
0001582249
0001583077
0001583671
0001583744
0001584137
0001584423
0001584509
0001584584
0001584618
0001584754
0001585755
0001585790
0001586988
0001588014
0001590496
0001590565
0001590715
0001591387
0001591565
0001591587
0001591588
0001591834
0001591890
0001591913
0001592016
0001593204
0001593548
0001593773
0001593899
0001595326
0001595527
0001596532
0001597929
0001598323
0001598968
0001599407
0001599901
0001600249
0001600620
0001600641
0001600694
0001600784
0001601072
0001601485
0001601936
0001602367
0001603345
0001603756
0001603794
0001603978
0001604028
0001604191
0001604464
0001604738
0001605331
0001605740
0001605888
0001606163
0001606180
0001606457
0001606498
0001606698
0001606699
0001606700
0001607450
0001607549
0001607679
0001608390
0001609234
0001609258
0001609865
0001609866
0001609988
0001610128
0001610764
0001610940
0001612042
0001612253
0001612254
0001614067
0001614106
0001614540
0001614556
0001615892
0001616297
0001616543
0001616736
0001616862
0001617431
0001617582
0001617867
0001619544
0001620463
0001621221
0001621227
0001621499
0001621697
0001621832
0001622577
0001622996
0001623590
0001623595
0001623925
0001624203
0001624517
0001624658
0001624982
0001625285
0001625941
0001626199
0001626556
0001627611
0001628738
0001630212
0001630805
0001630940
0001630970
0001631650
0001632053
0001632121
0001632275
0001632312
0001632323
0001632970
0001633070
0001633438
0001633858
0001634452
0001634997
0001635077
0001635581
0001635965
0001636050
0001636282
0001636286
0001637873
0001639142
0001640313
0001640982
0001641631
0001642081
0001642122
0001642365
0001643301
0001643721
0001644889
0001644963
0001645494
0001646228
0001646972
0001647339
0001648087
0001648365
0001650101
0001650203
0001650204
0001650205
0001650372
0001650505
0001650648
0001650739
0001651235
0001651625
0001651992
0001652044
0001652101
0001652866
0001652923
0001652935
0001653087
0001653629
0001653710
0001653909
0001655050
0001655075
0001655759
0001655923
0001657045
0001658551
0001659494
0001660719
0001661181
0001662382
0001662524
0001663641
0001664040
0001664127
0001666138
0001666267
0001666384
0001667011
0001667615
0001668340
0001668717
0001669400
0001669513
0001669792
0001670541
0001671584
0001671858
0001671941
0001672013
0001672255
0001672571
0001672688
0001672773
0001672900
0001673504
0001673985
0001674227
0001674365
0001674862
0001675149
0001675583
0001676163
0001677077
0001679426
0001680062
0001680873
0001680966
0001681087
0001681282
0001683541
0001684688
0001685311
0001686164
0001689265
0001689490
0001689662
0001689923
0001690080
0001690769
0001690881
0001691906
0001691936
0001692787
0001692981
0001693664
0001693686
0001693687
0001694250
0001695519
0001697021
0001697412
0001697532
0001697818
0001697862
0001698039
0001698287
0001698519
0001698702
0001698991
0001699880
0001701478
0001701605
0001701732
0001702015
0001702318
0001702494
0001702780
0001703056
0001703057
0001704715
0001704760
0001704956
0001705110
0001705126
0001705402
0001707258
0001708341
0001708527
0001708599
0001709587
0001711933
0001712543
0001713210
0001714232
0001718500
0001719435
0001720025
0001720580
0001722271
0001722482
0001722926
0001722969
0001723089
0001723128
0001724001
0001724521
0001725255
0001725332
0001726711
0001726822
0001727815
0001730463
0001730732
0001730773
0001733418
0001733443
0001734005
0001734342
0001734520
0001735803
0001736243
0001736297
0001736946
0001737193
0001737287
0001737339
0001737988
0001738906
0001739445
0001740594
0001740797
0001741257
0001741530
0001741603
0001744494
0001744659
0001746037
0001747079
0001748621
0001748790
0001748824
0001749704
0001750106
0001751008
0001751143
0001751692
0001753648
0001753706
0001754068
0001754170
0001755058
0001755101
0001755953
0001756390
0001756655
0001757143
0001757715
0001759008
0001759824
0001762303
0001762359
0001762459
0001763329
0001766478
0001768224
0001769624
0001769731
0001769804
0001770787
0001771007
0001771910
0001771995
0001774857
0001776048
0001776197
0001776661
0001777921
0001779476
0001780312
0001781115
0001781174
0001781629
0001781755
0001781983
0001781995
0001782754
0001783010
0001783875
0001785173
0001786117
0001786205
0001786511
0001787123
0001787306
0001788028
0001789029
0001790121
0001790625
0001790982
0001792941
0001794846
0001796209
0001797336
0001798270
0001798749
0001799207
0001799448
0001800637
0001801075
0001801777
0001802457
0001802883
0001803696
0001804591
0001805024
0001805077
0001805387
0001805651
0001806905
0001807166
0001807707
0001808665
0001808805
0001808834
0001808997
0001809104
0001809691
0001810140
0001810182
0001811109
0001813658
0001814140
0001814287
0001814329
0001815436
0001815849
0001815974
0001817241
0001817358
0001817740
0001818274
0001818382
0001818644
0001818838
0001819438
0001819510
0001819516
0001819608
0001820191
0001820302
0001820630
0001820721
0001820872
0001820877
0001820953
0001821075
0001821393
0001821468
0001821595
0001822366
0001822523
0001822912
0001823340
0001823406
0001823465
0001823584
0001823608
0001823766
0001823794
0001823826
0001823878
0001823882
0001823945
0001824211
0001824502
0001824963
0001825254
0001826011
0001826397
0001827392
0001828108
0001828723
0001828739
0001828748
0001828805
0001828914
0001828972
0001829432
0001829558
0001830029
0001830162
0001830232
0001830749
0001831097
0001832038
0001832332
0001832466
0001833764
0001833908
0001833909
0001835059
0001835636
0001835856
0001835972
0001836056
0001836176
0001836274
0001836478
0001836547
0001836967
0001837532
0001837607
0001838207
0001838337
0001838614
0001838615
0001838672
0001838821
0001838883
0001838957
0001839191
0001839360
0001839990
0001839998
0001840292
0001840776
0001840856
0001840877
0001840904
0001841004
0001841661
0001841666
0001841675
0001841867
0001842219
0001842279
0001842329
0001842430
0001842566
0001842939
0001843656
0001843714
0001843724
0001844211
0001844389
0001844507
0001844744
0001844817
0001844840
0001845097
0001845123
0001845550
0001846253
0001847345
0001847360
0001847367
0001847462
0001847846
0001847891
0001848898
0001848948
0001849011
0001849056
0001849489
0001850266
0001850316
0001850699
0001850767
0001850902
0001852016
0001852432
0001853044
0001853138
0001853651
0001853717
0001853928
0001854149
0001854583
0001855474
0001855555
0001855631
0001855743
0001855886
0001856696
0001857662
0001858257
0001858681
0001859690
0001860657
0001860782
0001860805
0001861063
0001861233
0001861841
0001862463
0001862993
0001864032
0001864055
0001865107
0001865111
0001865187
0001865377
0001865975
0001866030
0001866390
0001866547
0001866692
0001868279
0001868573
0001868775
0001869141
0001869699
0001869974
0001870940
0001871321
0001871983
0001872356
0001874474
0001874999
0001875444
0001876255
0001876716
0001877461
0001879248
0001880343
0001880438
0001881741
0001882078
0001882198
0001882607
0001882850
0001882963
0001883788
0001883962
0001883984
0001884072
0001888014
0001888654
0001889106
0001890361
0001891512
0001893219
0001894525
0001897245
0001897982
0001898019
0001898416
0001899017
0001899287
0001901336
0001901886
0001903464
0001903709
0001906195
0001907223
0001910950
0001913724
0001914023
0001918080
0001918712
0001920406
0001921865
0001921963
0001930179
0001930419
0001932244
0001937441
0001937891
0001938571
0001941029
0001944552
0001944712
0001944885
0001946563
0001950429
0001950976
0001956827
0001957146
0001957489
0001958140
0001959726
0001959994
0001962918
0001963088
0001964504
0001964979
0001966734
0001967621
0001971381
0001972529
0001973239
0001973832
0001974640
0001976336
0001977303
0001977837
0001979005
0001979306
0001981519
0001982444
0001982701
0001982708
0001984060
0001987221
0001988894
0001990550
0001992508
0001993097
0001993402
0001994373
0001995648
0001998387
0001999480
0002000597
0002006986
0002007587
0002009233
0002009312
0002011286
0002011498
0002011514
0002012964
0002023311
0002025341
0002025774
0002026353
0002028516
0002030829
0002031561
0002031750
0002032966
0002033750
0002034334
0002048519
0002052152
0002052153
0002058758
0001858257
0001122976
0000927417
0001506928
0000316888
0000072444
0000723612
0000104918
0001846253
0001499686
0001661181
0001610128
0000008868
0001552164
0000008858
0001762303
0001355736
0001676163
0001431888
0001315718
0001445467
0000859163
0001497764
0001021917
0001681087
0001015739
0000727920
0001333986
0001113232
0001724001
0001664040
0000805264
0001616862
0001633070
0001566265
0001399095
0000753048
0001028153
0001514946
0001718500
0001898019
0001069183
0000805928
0001857662
0001214816
0001603756
0001636050
0001051627
0001299709
0001438660
0001797336
0001579428
0001086745
0001787123
0001847462
0001385818
0001782754
0000933974
0001701478
0001575599
0001708527
0001633438
0001432364
0000935493
0001604191
0000008947
0001402606
0001839360
0001844211
0001278027
0000861361
0001464790
0000725929
0001805077
0000823546
0001123596
0001486957
0001429937
0001866390
0001462056
0001630805
0001685311
0001526759
0001453593
0000009092
0001899017
0001329099
0001381074
0001982444
0001944712
0001609988
0001737193
0001556266
0001655050
0001550377
0000808362
0001450390
0001440153
0001701605
0001632121
0001820302
0000009346
0000009326
0001781755
0000009389
0001493109
0000002491
0000946454
0001591565
0001169440
0000869187
0001474042
0001747079
0001109357
0001453015
0001169770
0000760498
0000913059
0001276671
0001698287
0000842180
0001471055
0001027552
0001668340
0001390312
0001071371
0000701853
0000891478
0001555017
0001295401
0001632323
0001741257
0001118004
0001481504
0001514416
0000920033
0001123270
0000070858
0001746109
0000702513
0000046195
0000934547
0001161125
0000927971
0001160330
0001653242
0001403475
0001390777
0001365997
0000009631
0001038205
0001007273
0001275101
0001746129
0001518222
0001527383
0001303942
0001852332
0001504008
0001505732
0001589361
0000946673
0001845942
0001852633
0001704795
0001365357
0001811216
0000764897
0000312070
0000743367
0000009892
0001658880
0001487197
0001625414
0000312069
0001811972
0001622175
0001379785
0001586468
0001828185
0001859919
0000890491
0001819574
0000009984
0001348334
0001631463
0001634117
0000010048
0000749872
0000902791
0001448705
0000756894
0001562201
0001109189
0001659228
0001282648
0000010329
0001680525
0000701985
0001880441
0001860742
0001620546
0001230355
0001780097
0000859222
0001034594
0000885590
0000010456
0001333519
0000275119
0001089598
0001730984
0001649739
0001330421
0001969475
0001978954
0001279495
0001128361
0000092230
0001409775
0000921768
0001021270
0001566610
0000315858
0001814974
0001726548
0001823200
0001391137
0001003815
0001267426
0001228454
0001514514
0001558009
0001819133
0000718940
0001826889
0000789073
0001398805
0001124941
0001423357
0001745999
0001006424
0001899005
0001847351
0001074871
0001099160
0001059272
0000915840
0001818093
0000010795
0001432139
0001221548
0001384710
0001308711
0000886158
0001387061
0001534708
0000729580
0001703625
0000913142
0001982448
0001051771
0000101462
0001629702
0001889109
0001483405
0001651308
0001945619
0001840425
0001600132
0001358403
0001115836
0001842384
0001807046
0001772016
0000011199
0001618798
0001613895
0001615418
0001378020
0001259942
0001775734
0001561387
0001576169
0000863436
0001828735
0001552795
0001830210
0001808898
0001031308
0001869673
0001431074
0001689657
0001824734
0000011544
0001081316
0001505124
0001178862
0001067983
0001705873
0000778438
0002033122
0001108134
0001378992
0001834045
0001409197
0001722556
0001667840
0000764478
0001674632
0001452164
0001616156
0001557376
0001709505
0001852707
0001832415
0001821146
0001386049
0001788257
0001464165
0001130713
0001677940
0001655210
0001407038
0001267425
0000913778
0001779578
0001474903
0001726287
0001942722
0002023658
0001094831
0001156388
0001761612
0001259045
0001833214
0000768835
0001846804
0001728599
0001999297
0001097896
0001719406
0001836981
0000811809
0001753391
0000093859
0001569568
0001626450
0001845618
0001172139
0001726173
0001375554
0001709774
0001786352
0001066764
0001275477
0001953984
0001385228
0001858724
0001723690
0001376316
0001119897
0001213660
0001318482
0001723059
0001803977
0001019034
0000792641
0001596812
0001575142
0000012208
0001534287
0001370030
0001709941
0001712762
0001826892
0000720154
0001044378
0001769484
0001443863
0001690384
0000925741
0001103021
0001439725
0001568139
0000882796
0000894560
0001310488
0001643918
0001858685
0001391407
0001373670
0001723464
0001712641
0000875045
0001388319
0001556416
0001935979
0001689813
0001590383
0001689084
0000880242
0000811240
0001462566
0000834365
0001079282
0001498403
0001289236
0001048477
0001840439
0000073290
0000875729
0001739174
0001427030
0001737523
0001611747
0001411690
0001575420
0001191070
0001508381
0001133818
0001504167
0001856653
0001746214
0001510832
0001168960
0001776985
0001568628
0001167419
0001768946
0001593184
0001784440
0001555995
0001505497
0001365784
0001580063
0001014739
0001420108
0000875622
0001371128
0001709474
0001418133
0001559356
0000715812
0001563665
0001530766
0001825413
0001574774
0001819253
0000842023
0001630113
0001681689
0000704384
0000876343
0001665988
0001580149
0001950572
0001445815
0001720893
0001647771
0001873213
0001861449
0000728385
0000948072
0001697805
0001093683
0001494722
0001977102
0001543268
0001179821
0001499781
0001901799
0001710350
0001735556
0001899123
0001436229
0001921158
0001831270
0001678848
0001829311
0001723788
0001763415
0002013744
0001347078
0001812477
0001437491
0001531152
0000009235
0001013488
0001838406
0000849547
0001575345
0001409999
0001518909
0000849547
0001575345
0000012400
0002000775
0001848020
0001479000
0001580095
0001130464
0001701541
0001542335
0001627014
0002034400
0001851908
0002025065
0000913277
0001521549
0001411488
0001490161
0001456212
0001621434
0001567900
0000904918
0001364742
0002049595
0001485541
0001070235
0001280058
0001326003
0001308137
0001666134
0001834543
0002012383
0002030772
0001483646
0001902649
0001753539
0001370755
0001393818
0001930054
0001061630
0001495648
0001102358
0001442215
0002028707
0001871638
0001803498
0001779128
0001843370
0001855747
0001418452
0001593549
0001736035
0001873441
0001084370
0001614826
0001378125
0001610462
0001867757
0001813793
0001975931
0001512673
0001662972
0001138608
0001001606
0001984014
0001429764
0001765826
0001000683
0001428389
0001609989
0001399587
0001582086
0001546417
0001664703
0001477960
0001557668
0001422109
0001932213
0001574863
0001586495
0001601545
0002029586
0001416697
0001091171
0000793306
0001701114
0001846017
0001589526
0001759136
0001856961
0001807427
0001944366
0001747777
0001655887
0000012779
0001889668
0001688647
0001853084
0001655888
0001419582
0001869453
0001604930
0001593470
0001516332
0001500305
0001812554
0001502772
0001854863
0001817944
0001370489
0001791278
0001878074
0000768216
0000842717
0000778946
0001496690
0001029581
0001293971
0001831006
0001903382
0001704287
0001782107
0001392091
0001818089
0000921503
0001442626
0001416090
0001301787
0001996210
0001623077
0001210227
0001501268
0000015511
0001838544
0001574815
0001622231
0000033769
0002041531
0000924805
0001379246
0001725872
0001336047
0001443242
0001597264
0001527702
0001630132
0001169988
0001852207
0001423107
0001429393
0001787414
0001328581
0000354655
0000012927
0000878079
0001504796
0001421871
0000875357
0001425289
0001715611
0001179090
0001641281
0001841125
0000891919
0000846546
0001555877
0000314712
0001439264
0001678746
0001877788
0001816815
0001277141
0001413909
0001538333
0001815021
0001610250
0001852973
0001479382
0001355732
0001075531
0001509589
0001397795
0001443646
0001656501
0000853566
0000879555
0000835095
0001174672
0000911568
0001650575
0001005516
0000821127
0000908255
0000949870
0001494582
0001037540
0001525852
0001652842
0001331301
0001649173
0001473579
0001445918
0001782303
0001973056
0001043121
0001073349
0000885725
0002002473
0000013573
0001715497
0001078207
0001504795
0001381871
0001816937
0001847590
0001828672
0001840572
0001688316
0001813756
0001372612
0001023734
0001680689
0001903595
0001708301
0000906553
0001624512
0001867834
0000746598
0001137883
0001962481
0001838163
0001505065
0001449574
0001495479
0000746631
0000790816
0001444839
0001301075
0001060386
0001499849
0000313807
0001681714
0001472326
0001011174
0001566445
0001506503
0001676238
0001891101
0000099359
0001337182
0001531537
0001357371
0001229089
0001357115
0001498067
0001817640
0001399306
0001939965
0001641751
0001901215
0001610820
0001484769
0000819050
0001304740
0001854401
0000846617
0001038572
0001743881
0001378590
0001344736
0000794775
0001305323
0001831236
0001941536
0001815086
0001623360
0001567771
0000014177
0000014195
0001341317
0001886799
0001745797
0001122491
0001900650
0001827328
0001071438
0001671284
0001437578
0001827401
0000733076
0001167609
0001611702
0001313275
0001696355
0001568385
0001865782
0001685040
0001895316
0001634293
0001439124
0001866757
0001717547
0001212641
0001582341
0001681769
0000073887
0001734713
0001787518
0001657250
0000820534
0000703351
0001532926
0000078890
0001970371
0000740726
0001502952
0001649345
0001054374
0000014272
0001649338
0001865120
0001525221
0001581068
0001838697
0001086909
0001815805
0001784797
0000073048
0001104358
0000920448
0001730168
0000748268
0001009626
0001634942
0001383312
0001120370
0001001171
0001424182
0001774983
0001332349
0001937926
0001871130
0001575311
0001837429
0001654795
0001403528
0001496048
0001788348
0001545772
0001001085
0001502554
0001406234
0001791863
0001049782
0001713407
0001854526
0000748592
0001533232
0000014693
0000014707
0000079282
0001303523
0001554970
0001166708
0001913210
0001522420
0001341878
0000320174
0001748797
0000014846
0000014930
0000802681
0001375685
0001109354
0000840883
0000756620
0000805022
0001718224
0001054721
0001062449
0001774155
0001873722
0001345865
0001796514
0001838666
0001453883
0001956055
0000885245
0001856724
0001543272
0000317889
0001759186
0001829247
0001113809
0001316835
0001013131
0001996862
0001547282
0001830043
0001815526
0001158399
0001368775
0001144519
0001407583
0001964333
0000934612
0001518380
0000724445
0001438138
0001792267
0001830503
0001579298
0001787412
0001455926
0001723580
0001624322
0001500341
0001302387
0001668082
0001796297
0001649313
0001804176
0000015847
0001714174
0001430319
0001801417
0001615817
0001509273
0001609132
0001888151
0001882781
0001702750
0001160798
0001951067
0001043277
0000913341
0001354866
0000356028
0001577526
0001267130
0001856242
0001053112
0001832352
0001102934
0000831609
0000350199
0001487906
0001662579
0000016040
0001632127
0001759138
0001865861
0000858470
0001333248
0001521762
0000016058
0001614184
0001699136
0000911148
0001978867
0001575879
0000813672
0000858395
0001610979
0001937993
0001635863
0000858339
0001117733
0001860543
0001364100
0000727273
0000794107
0001388430
0001173382
0001299033
0001504379
0000878560
0001407704
0000016160
0001518520
0000730255
0001611019
0001590895
0000812701
0000320017
0001534133
0001174891
0001448558
0001133470
0000803016
0001363573
0001414030
0000923649
0001795815
0001627282
0001752036
0001855485
0002032545
0001496671
0001609253
0001035748
0001406666
0000102198
0000923652
0000923655
0000923656
0000923657
0001414628
0000916457
0001035201
0002013745
0000899426
0000928022
0001419559
0001402281
0000837465
0001466815
0001795579
0000820081
0001340122
0001588869
0000766011
0001528308
0001738177
0000711772
0000941548
0001736730
0001490983
0000910467
0001669779
0001509957
0001043951
0001083848
0001532424
0000016732
0001553643
0001109138
0001780652
0001045520
0000910569
0001690511
0001130889
0001017413
0001375877
0001349929
0000016868
0000868822
0001006840
0001582962
0001411057
0001841387
0001554906
0001531433
0001725123
0001024626
0000016875
0001553788
0001537118
0001452804
0001360442
0001680132
0001413488
0001879270
0001388982
0001623016
0001867443
0001304741
0001086082
0001417028
0001776738
0001112985
0001536196
0001709542
0001449934
0001684508
0001837774
0001652499
0001704720
0001081938
0001410187
0001550518
0001510964
0000019446
0000926761
0000016988
0002027708
0001800682
0002034269
0001865602
0001512787
0001750153
0001672909
0001411303
0001104349
0001522138
0001720259
0000896429
0001527844
0001479750
0001533357
0001386041
0001737927
0000944696
0001707910
0000202947
0001666244
0000726601
0001241199
0001392326
0001419536
0001648955
0001070295
0001865248
0001043000
0000017313
0001490906
0001512499
0001709682
0001722438
0000927628
0001133869
0001484565
0001530721
0001558432
0001805087
0001277998
0001651577
0000766701
0001496139
0000887151
0001676479
0001967478
0001366527
0001619914
0001009672
0000814926
0000086264
0001340127
0001928948
0001156784
0001960208
0001614818
0001178104
0001009759
0001544238
0001407878
0001408351
0001346830
0000811222
0001060523
0001520668
0001491487
0001089029
0001348911
0001870144
0001036141
0001352081
0001277856
0001213037
0001639947
0001412270
0001702123
0001750384
0000721371
0001671013
0001457543
0001180145
0001666071
0001046568
0001590717
0001217234
0001430259
0001813914
0001609471
0001582982
0001966494
0001377149
0001494259
0001619856
0001702510
0000790051
0000799088
0001851277
0001527166
0001024095
0001823634
0001678105
0001127160
0000870385
0001676667
0001170010
0001544206
0001485003
0001798458
0001766352
0001378950
0001040593
0001515069
0000815097
0001125259
0000017843
0001016281
0001482974
0001683606
0000809248
0001783180
0002049662
0001094814
0001829576
0001482974
0001094814
0002049662
0001848437
0001889112
0000764579
0001690820
0001822309
0000865911
0001290504
0000864559
0001225525
0001060822
0001412067
0001846968
0001387998
0001016178
0000807884
0001333835
0001453687
0001598674
0001093430
0001962738
0001567925
0000895051
0000911177
0001311538
0000918543
0000802510
0000726958
0001433714
0000708781
0001416083
0001582919
0001877939
0001069530
0001144906
0001447362
0001849867
0001363851
0001848410
0001857910
0001596783
0001720161
0001838293
0001341141
0001124105
0001369568
0001136174
0001911500
0001639438
0000764764
0000861842
0001562622
0001175609
0002024203
0000018255
0000018230
0001619551
0001376793
0001289496
0000278166
0001205727
0001716621
0001859639
0001605301
0001117171
0001742089
0001914805
0000944148
0000915140
0001644903
0001374310
0001421636
0001574291
0000910612
0001138118
0001579877
0000813828
0000721447
0001812667
0001821329
0001766682
0001400891
0002017636
0001931717
0001473844
0000731122
0001088787
0001173738
0000018396
0001793895
0000949428
0001800347
0000749038
0001066104
0000813920
0001818201
0001609702
0001271833
0001421766
0001439254
0001519955
0001402057
0000865941
0001482541
0001327467
0000003197
0001681400
0000811532
0001355559
0000816284
0000725363
0000761648
0001603454
0001569340
0001493712
0000891293
0001325279
0001030894
0001355250
0001305253
0001306830
0000744218
0001854587
0001542627
0001385145
0001482080
0001378624
0001671502
0001279704
0001627281
0000749647
0001461993
0001221029
0001637890
0001653821
0001435064
0001841425
0001435163
0000759999
0001752828
0001145604
0001658566
0000048732
0001042773
0000712771
0001102266
0001527624
0001260828
0000925645
0001651987
0001854640
0001130310
0001847903
0000798359
0000887733
0001070680
0001979332
0000844143
0001836935
0001019650
0001757097
0001981599
0000701347
0001505366
0002010930
0001127371
0000812348
0001378239
0001576940
0000949157
0001065059
0001491830
0000920321
0001037760
0001456802
0001717161
0001498233
0000911147
0001453099
0001850119
0001824577
0001386164
0001324759
0001066656
0000018926
0001777319
0001504886
0001097396
0000767884
0001227265
0001119769
0001861107
0001768267
0001325676
0001209709
0001561551
0001755347
0000804753
0001827090
0001556508
0001870404
0001725057
0001936702
0001020214
0001828049
0001825249
0001839519
0001401914
0000811212
0001173489
0001668428
0001830081
0001053691
0001728041
0001037962
0001991792
0001839530
0001541719
0000777491
0001879103
0001061574
0001617782
0001297587
0001392272
0000019149
0001469284
0001552358
0000894544
0001444598
0001811856
0001581378
0000042136
0001458696
0001845149
0001919246
0001324404
0000771856
0001756497
0000090896
0001825349
0001346980
0001169652
0001799850
0001277250
0001730346
0001459188
0001847986
0001777393
0002024459
0001485487
0001106838
0001527349
0001765048
0001134765
0001478726
0001100682
0001015155
0000015357
0001750155
0001529133
0001524083
0001025771
0000830524
0001586300
0001091667
0001855467
0000892553
0001965473
0000215419
0001743725
0001476045
0001651431
0001696898
0001637197
0001015922
0001738758
0001597835
0001651407
0001061288
0001333763
0001610590
0001951667
0000887596
0000019612
0000019584
0001092662
0001091862
0001517175
0001713809
0001364954
0001340652
0001856948
0002016420
0001868269
0001582966
0000909037
0001693317
0001421865
0000763563
0001473078
0001532930
0001627223
0001571776
0001515800
0001528843
0001383650
0000003570
0001586554
0000895126
0001339469
0001766502
0001027884
0001843162
0000093410
0001355786
0001867949
0000019745
0000019871
0001957413
0001506492
0001727255
0001392363
0000897429
0001355042
0001041859
0000860131
0001369868
0001117480
0001510963
0001679063
0001157762
0000029952
0001284450
0001552979
0001405503
0001620664
0001472635
0001747661
0001203900
0001440770
0000926844
0001554300
0000908256
0001077561
0001438644
0000805729
0001029802
0001338578
0001449801
0001489902
0001338460
0001409493
0001467808
0001551454
0001310630
0001297830
0000860543
0001303330
0001477156
0001309057
0000857949
0001070045
0001373846
0001499785
0001749797
0001552670
0001413263
0001158420
0001501958
0001856084
0001680237
0001611852
0001123493
0001010566
0001211211
0001434674
0001528752
0001687542
0001479526
0001775085
0001414850
0001440760
0001443979
0001490366
0001354071
0001117795
0000793628
0001044577
0001483994
0001106644
0001421561
0001401371
0001388978
0001493893
0001582586
0001346610
0001396247
0001030475
0001316317
0001723980
0001346287
0001501225
0000721693
0001191255
0001639234
0001083459
0001512927
0001687065
0001521222
0001518487
0000847464
0001091325
0001113866
0001506756
0001353970
0001411419
0001543605
0001498576
0001268896
0000922717
0001123658
0000932695
0001459482
0001145898
0000101063
0001807192
0001376321
0001041668
0001785041
0000883943
0001058090
0001386026
0001513153
0001046311
0000020171
0000803164
0000878004
0001486159
0001386570
0001744895
0001191334
0000313927
0000823277
0002006291
0001123134
0001812234
0001793229
0001132924
0001828250
0001774675
0002007825
0000020232
0001828248
0001811210
0001868995
0000918581
0001060910
0000945384
0001524931
0001867752
0001699126
0001313918
0001649709
0001432754
0000701221
0001842356
0001841338
0001829948
0000020212
0001789760
0001765107
0001498542
0000936395
0001610618
0001008595
0000786620
0001168054
0001635484
0001739940
0001787005
0000908311
0001498547
0001481339
0001868734
0001029125
0001262976
0000716133
0001575051
0000020286
0001398137
0000885975
0001385280
0001173204
0001862150
0001410402
0001439971
0001819989
0001343979
0001911467
0000723254
0000813716
0001701040
0001022505
0001473971
0001482075
0001091883
0001171825
0000772406
0000831001
0001534254
0000858877
0000813640
0001851484
0001318484
0001794621
0001073475
0000810958
0001075706
0001553830
0001367859
0001506251
0001508594
0000201461
0000739421
0001629208
0000877890
0000024090
0001608638
0000759944
0000034115
0000020740
0001831937
0001593222
0001590584
0000352955
0001826855
0000726854
0000880115
0001445831
0002022308
0001445109
0001838000
0001666291
0001368265
0001764046
0000944745
0001230524
0001672690
0001619250
0001329606
0001411036
0001391426
0001457737
0000739708
0001956741
0000822818
0000819926
0000827876
0001856314
0001849820
0000895665
0001334978
0000796505
0001362516
0000840715
0001892500
0001606808
0001285550
0001539029
0001866368
0001647320
0001434524
0001637757
0001441236
0001089819
0001658304
0001105841
0001393548
0001592329
0001240581
0001567683
0001318641
0001835713
0001949712
0001819615
0001903392
0000764065
0001768446
0001498388
0001582589
0001821159
0001822791
0001441849
0001493144
0001516079
0001709628
0000945983
0001804583
0001535379
0001649096
0001619227
0001479681
0000021076
0001515382
0001577095
0001724542
0001571759
0001477333
0001849058
0001466301
0001843762
0001801170
0001837412
0001572840
0001389518
0001350072
0001713539
0001164012
0001346655
0001494809
0001818331
0001156375
0001780785
0000021175
0001733868
0001187449
0001452168
0001648383
0000811156
0001261159
0001552493
0001496454
0001604481
0000736772
0001684682
0001095595
0001637558
0001610418
0001224608
0001956648
0000728303
0000021239
0000822370
0001585023
0000948426
0001471261
0001028734
0000030828
0001567094
0001729427
0001070412
0001491675
0001116132
0001437958
0001729637
0000317540
0001088638
0000021344
0001444403
0001605931
0001613011
0000910631
0001334325
0001543098
0001828957
0001866782
0001412486
0001850079
0001641398
0001200375
0001659352
0001819663
0001619055
0001692415
0001650107
0000894237
0000806279
0001007019
0001622229
0001158324
0000215466
0001460329
0000851205
0001455365
0001824814
0001058290
0001522602
0001894176
0001939433
0001284812
0000021510
0001084463
0001818212
0001270436
0001841175
0001104462
0001566561
0001490626
0001289272
0001679788
0001763925
0001580988
0001614976
0001572758
0001512762
0000820318
0001548281
0001829615
0000021535
0001799611
0001847440
0001089143
0000021665
0000931059
0001420800
0001953575
0001995413
0001485527
0001267565
0001739566
0001847064
0001467076
0001837739
0001579471
0001344394
0001581316
0000200155
0001418780
0001508677
0001348649
0001631487
0000913353
0000821995
0001629995
0001420783
0001252849
0001816581
0002028201
0001179484
0000022252
0001383183
0001561299
0000013033
0001907685
0001627430
0000864509
0001140102
0001035983
0001665658
0001009976
0001166691
0000028412
0000022356
0001539892
0001369628
0001005229
0001141615
0001606440
0001253347
0001841514
0001351901
0001450335
0001399520
0001290900
0000727634
0000022444
0000933590
0000803649
0001323648
0001528061
0001517228
0001123735
0000718413
0001179500
0001691507
0001620280
0000022701
0001682593
0001070523
0000723188
0001084551
0000764811
0000855874
0001051343
0001327238
0001631569
0001169561
0000350852
0001851909
0001108109
0001738021
0001816590
0001161706
0001227654
0001345126
0001345122
0001563190
0001592782
0001828608
0001242513
0001823144
0000023082
0001838987
0001622867
0000859014
0001449488
0001119774
0001049606
0000023111
0001169445
0001170858
0001158172
0001549872
0001299969
0001178727
0002014596
0000023194
0001651932
0000023197
0000023217
0000930543
0001383701
0001120970
0001358071
0001367920
0001824301
0001803599
0001642271
0002001794
0001851959
0001066026
0001005101
0001414382
0001851961
0001472072
0001346346
0000790273
0000929545
0001353523
0001703956
0001896212
0001699838
0001617780
0000276209
0001677703
0001462694
0001211759
0001305773
0001182731
0001835268
0001307701
0001895249
0001502292
0000816956
0001223389
0001866633
0001674440
0001423417
0000921500
0001875493
0001163165
0001392960
0001710366
0001387976
0001405277
0000928340
0001304421
0001824893
0001047862
0000023795
0001834032
0001651944
0001434418
0001439299
0001362705
0001868275
0001409175
0001563411
0001718227
0001006830
0001574300
0001071993
0000016918
0001592480
0001571274
0000889609
0000852747
0001411688
0000024104
0001855175
0001842952
0001601280
0001259515
0001822250
0001697152
0001062047
0001080034
0000732834
0001478069
0001817218
0000023675
0001502377
0001672985
0001787640
0001841137
0001823000
0001583771
0001274032
0001944057
0001399352
0000024491
0001520504
0000948320
0002045473
0001734262
0001383154
0000711404
0001320461
0001844635
0000900075
0000813639
0001466292
0000837342
0001837671
0000860546
0001168981
0001885680
0001345105
0001742550
0001088856
0001581312
0001958086
0001595097
0001856525
0001000229
0001839341
0001551887
0001026655
0001889539
0000036047
0001318084
0000320340
0001707178
0001063665
0001561697
0001528557
0001066134
0001594337
0001624140
0001490892
0001769628
0001070985
0001847513
0001571371
0001829953
0001338242
0001347652
0001401680
0001410098
0000842013
0001582244
0001448900
0001038773
0000024741
0000883902
0001639889
0001390213
0001558235
0000943110
0001175454
0001429260
0001485594
0001893311
0001450307
0001842659
0001108645
0001743759
0001770561
0001380713
0000774569
0001717393
0001755672
0001662774
0000849636
0001171014
0001487659
0001402902
0000874866
0001507964
0001706509
0001626971
0001621199
0001657197
0001430162
0001057352
0001474167
0000909832
0001503584
0001873964
0001499934
0001236997
0000884713
0001845022
0001470205
0000025212
0001385867
0001834584
0001115128
0001651562
0001023131
0001024305
0001837160
0000737300
0001940177
0001722287
0001385187
0001563699
0000225648
0001752836
0001692951
0001667153
0001667154
0001466538
0001300482
0001515003
0000025232
0001835022
0000928658
0000814676
0001479915
0001210294
0001641614
0000889348
0000892222
0002054174
0001700357
0001053706
0001067294
0000949158
0001944013
0002003977
0001795938
0001967822
0000025445
0001394638
0000047307
0000025475
0001385329
0001357671
0001187953
0001201135
0001432939
0001290658
0001356093
0000315958
0001053092
0001807794
0001001290
0000885550
0001159510
0001723648
0001162896
0001851230
0000895419
0001633336
0001954360
0001866175
0001832928
0001304464
0001461119
0001136352
0001529516
0001545851
0001075736
0001828962
0001562151
0001951089
0002043019
0001658247
0001674416
0001576427
0000887149
0001851612
0001696411
0001373485
0001688126
0001334036
0001493563
0001731362
0001034957
0001093207
0001209821
0001179060
0001636509
0001328670
0001656472
0001487439
0000849395
0001458412
0001538849
0001535527
0001141103
0001103837
0001103833
0000025895
0001825497
0001476719
0001827899
0001766016
0001870471
0001761696
0001051470
0001123316
0001219601
0000862692
0001626745
0002033383
0001892492
0001646383
0001124524
0001562039
0000020629
0001625641
0001354513
0000880417
0000355627
0000356037
0001439199
0001005757
0001624794
0001035422
0001543643
0001507718
0000922247
0000277948
0000319156
0000912183
0000026076
0001042187
0001269238
0001645460
0001471256
0001628945
0000026058
0001298675
0001424657
0001845799
0001108967
0000039263
0001789972
0001556226
0001995704
0000723603
0001400271
0001063197
0002027317
0001087294
0000026172
0001058623
0001776909
0001862935
0001756770
0001108205
0001519405
0001353614
0001711291
0001433994
0001433997
0001353616
0001353611
0001353612
0001328598
0001353613
0001809122
0001353615
0000026324
0001488813
0001122897
0000766792
0000354647
0001558785
0001628369
0001162461
0001403085
0001827075
0001502557
0001425292
0001335293
0001391636
0001235912
0001820875
0001935092
0001823635
0001522787
0001397951
0000864683
0001851048
0001376139
0000768408
0000019002
0000768411
0001381240
0001442711
0000844788
0001598110
0000064803
0001042074
0000885306
0001868419
0000791915
0001755237
0001874097
0001575810
0001396446
0000912513
0001587246
0001130166
0000075439
0001553023
0001084577
0001662244
0001831915
0001873093
0001091596
0001833141
0001501989
0001175680
0001383088
0001095981
0001830374
0001883389
0000799698
0001863294
0000880562
0001061983
0001794905
0001507196
0001175151
0001367311
0001793862
0001125699
0000783412
0000746967
0001812173
0001182737
0001852353
0002000640
0000725394
0000845819
0001511325
0001369241
0001498291
0000915779
0000919745
0000313616
0000026780
0000940944
0001779020
0001527728
0001477641
0001533998
0001530163
0001321828
0000916540
0000351998
0001642453
0001101680
0001715942
0001122991
0001056923
0000866439
0001849380
0001502659
0001068689
0000792130
0001561550
0001419951
0001724570
0000943823
0001631282
0000027093
0001450552
0001648960
0001949478
0001627606
0000351231
0000277638
0001841408
0001525769
0001682149
0001164256
0001076784
0001393463
0001025877
0001361025
0001845337
0001170991
0001748252
0000927066
0000799165
0001643194
0001487933
0001487931
0001341768
0001333513
0000027430
0001106645
0001808110
0000931336
0001338065
0001836154
0001958133
0001848959
0001613780
0001656536
0000894315
0001844862
0001281984
0001505611
0001831928
0001716583
0000910521
0000095047
0001654151
0000869495
0001110607
0001637866
0000095047
0000869495
0001831928
0001805526
0001415301
0000812630
0000711213
0000749153
0000786360
0001857086
0001382462
0001577603
0001861795
0001474627
0001351541
0001585583
0001337885
0002025218
0000027673
0000315189
0000872912
0000832090
0001552797
0001707092
0000277375
0001166847
0001514226
0002020919
0001086740
0001022469
0001571996
0001579546
0001694426
0001498382
0001444145
0001301031
0001365038
0001101396
0001913577
0001107332
0000027996
0001585149
0000027904
0001714899
0001588242
0000892160
0001812360
0001557883
0000945764
0000924396
0000852772
0001050140
0001670196
0001853816
0000818479
0001168081
0000896985
0001063259
0001807120
0001843974
0000946936
0001090908
0000351397
0001703141
0001517992
0001099369
0001754820
0000028561
0001269879
0001319947
0000813298
0001467746
0001271625
0001159508
0001854480
0001711631
0001711736
0001711485
0001976900
0001556739
0001300781
0001090012
0000701719
0001490186
0001036968
0001838176
0001370804
0001366649
0001093557
0001799191
0001556801
0001621459
0001331284
0001320947
0001916099
0001393883
0001566897
0001772757
0001590743
0001401040
0001761940
0000949039
0000835403
0000844887
0000909108
0001830188
0001539838
0001645569
0001759546
0001298946
0001595552
0001481241
0001764757
0001690585
0001399529
0001369128
0001559172
0001089063
0001014052
0000854775
0001854368
0002010499
0001844981
0000028823
0002052162
0001502966
0001127475
0001510326
0001379699
0001644825
0001318885
0001438231
0001864531
0001062530
0001668010
0001342958
0001208208
0001725134
0001065598
0000707388
0001550020
0001433269
0001843608
0001922981
0000317788
0001592288
0001579541
0001582961
0000028917
0001534263
0001005409
0001297996
0001610092
0001854545
0000879703
0000726516
0001497504
0001465112
0001441769
0001496646
0001880613
0000049754
0001519450
0001849635
0001871745
0001435387
0001492448
0000029002
0001340476
0001816736
0001042642
0001838831
0001393612
0001040719
0001818605
0001672897
0001437107
0000946486
0001095007
0000825788
0001831617
0000923660
0001509692
0001394156
0001557644
0001497074
0001001082
0001395317
0000919956
0001088949
0001592411
0001922446
0000703604
0001420368
0001846832
0001580426
0001485029
0001496819
0001075415
0000785557
0000029332
0001915380
0001816101
0001858327
0001419995
0001620070
0000713671
0001850235
0001793659
0000034067
0001836833
0001824920
0001672885
0001829959
0001599617
0001436568
0001822359
0000771999
0001707303
0001261333
0001308547
0001589096
0001365160
0001857475
0001603286
0001818844
0001402747
0000029534
0001343254
0000091882
0001282224
0001505952
0000935703
0001286681
0001793330
0001381531
0000840889
0000029644
0000715957
0001669811
0001042783
0001366407
0001792789
0001570279
0000029834
0000800457
0000868780
0001080029
0001596993
0001172358
0001819928
0001799567
0001685071
0001878897
0001162556
0001364250
0001287213
0001647088
0001762417
0001017673
0001657737
0001857803
0001516513
0000029915
0000029905
0001821742
0001294157
0000725876
0001751788
0001883685
0001456787
0001666700
0001827076
0001178946
0001705771
0000787250
0001844519
0001682241
0001418135
0001297401
0001316656
0001518336
0001511159
0001825088
0001023512
0001569083
0000873540
0001884516
0001175483
0001042893
0001012704
0001629606
0001282980
0001521065
0001804745
0001308858
0001463959
0001601602
0000764586
0000318835
0000719581
0000743366
0000792989
0000844048
0001786286
0000714603
0002028614
0001944212
0000915778
0001652561
0001467623
0002017950
0001586372
0000763744
0001226308
0001499361
0001097792
0001865537
0001160951
0001842022
0001835256
0001890671
0000028385
0000030305
0001379043
0001823466
0000936340
0000783280
0001115222
0001638911
0001003410
0001092839
0001357204
0001326160
0001135951
0001635136
0001817232
0001649744
0001562088
0001418175
0001407739
0001499494
0001544116
0001799208
0001680935
0001567520
0001411168
0000030554
0001323838
0001866581
0001396536
0000907562
0001020710
0001540563
0000890908
0001688568
0001082038
0001643930
0001907982
0001431934
0001771951
0001304730
0002028699
0000030831
0001213809
0001854270
0001111741
0001773383
0001379895
0000067215
0000886328
0001578453
0001015780
0000720875
0001814728
0001540400
0001818794
0000784539
0001600033
0001029142
0001699018
0000826675
0000847416
0000832428
0000934445
0001322439
0001364541
0000880641
0001478454
0001486297
0001614924
0001050441
0001944399
0001102541
0000918646
0001165639
0001256540
0001719395
0001132509
0001641197
0000827871
0001505364
0001538495
0001760683
0000010254
0001069157
0001047170
0001099574
0001936737
0001603291
0001622194
0001322739
0001498622
0000031107
0001810546
0000829325
0001170816
0000350797
0001799290
0000049600
0000031235
0000915389
0001627041
0001573766
0001347123
0001332572
0001551182
0001552743
0001829966
0001686515
0000031347
0001453420
0001065088
0001031927
0001861974
0000814549
0001914605
0001919182
0001409885
0001426945
0001586609
0001600470
0001354591
0001763197
0001490873
0001290506
0001922858
0001144169
0000809933
0001499744
0001625042
0001379245
0001493174
0000885475
0001071760
0001135657
0001415404
0001008653
0000811868
0001832351
0001041934
0001846715
0000031462
0001708035
0001584770
0001017968
0001652958
0001540159
0001096752
0001710072
0001832765
0001391127
0000930835
0001809750
0001472091
0001395213
0001444406
0001746468
0000880059
0001302343
0001817153
0001717556
0001138867
0001565700
0001158694
0001824884
0001443157
0001448806
0001450973
0001329365
0000827052
0001650664
0001586105
0002052547
0001099800
0001843973
0001828522
0001517492
0001653606
0001405658
0001452580
0000031667
0001066194
0000949373
0001100778
0001731831
0001135202
0001759783
0001410838
0001839434
0000031978
0001769768
0001422992
0001027662
0001333493
0001011664
0000796124
0001707753
0000914398
0001606366
0001549084
0001739104
0001506325
0001784168
0000032166
0000726514
0001827871
0000351789
0001907184
0001488917
0001637736
0001398702
0000803044
0001027664
0000867374
0001715819
0001639669
0001560258
0001912331
0000752294
0000918608
0001084384
0000712515
0001590714
0001404281
0001840563
0001607281
0001043150
0000704366
0001651094
0001844450
0001783032
0000095052
0001122388
0001753681
0001781397
0000059478
0001089815
0001843862
0001290903
0001053369
0001402371
0000104894
0001035354
0001560672
0001741489
0001758157
0001178377
0001076744
0000946394
0001046995
0001552719
0001024672
0001827980
0001080319
0000790070
0000356130
0001411342
0001869601
0001872789
0001449794
0001658433
0000858800
0001408146
0000105634
0001127248
0001577416
0001516551
0001283843
0000808326
0001555177
0000032567
0001579214
0001768225
0000797542
0001269190
0001494448
0001001604
0001815547
0001865533
0001199392
0000805326
0001420031
0000783005
0001410708
0001705458
0001417892
0000032689
0001501862
0001478682
0000906780
0001019272
0000032621
0001367644
0000032604
0001301704
0001355444
0001483935
0001553079
0001524774
0001687999
0000854852
0001825720
0000350917
0000887396
0001541401
0001520118
0001591763
0001822928
0001173911
0000880285
0001823529
0001157806
0001379041
0001430415
0001177648
0000930775
0001437479
0000895728
0000785161
0001409834
0000850460
0001511261
0001112412
0001084961
0001656081
0001285786
0001693683
0001100962
0001109486
0001500881
0001623919
0001235007
0001908984
0002008861
0001013606
0001766363
0001392902
0001528172
0001179755
0001864891
0001237746
0000926864
0001495536
0001593034
0000912505
0000277595
0000774937
0001901056
0001681682
0001659939
0001551906
0001904856
0001432963
0001563298
0001879373
0001302084
0001632790
0001719323
0001495230
0001277866
0001581552
0001445049
0001023291
0001445146
0001271046
0001575793
0001157557
0001696088
0001456455
0001385849
0001421517
0001012569
0000924168
0001343719
0001404973
0001971828
0001393744
0001244937
0001161154
0001495899
0001357971
0001128353
0001828536
0001276187
0001289308
0001547521
0001863105
0001868912
0001544229
0001346022
0001980845
0001126874
0001395400
0001803737
0001518720
0000933738
0001587264
0001816114
0001714562
0001830180
0001922641
0000922237
0000033002
0001672619
0001463101
0001592000
0001828318
0001850502
0001529864
0000789879
0001140310
0001125376
0001164863
0001522327
0000319458
0001374128
0000314808
0001724344
0001363829
0001371217
0001870925
0001716947
0001096934
0001638097
0001004673
0001101302
0001449447
0001875746
0001408299
0001239672
0000065984
0001610473
0001018399
0001689375
0001061219
0001227930
0000766561
0001025835
0001171326
0001552946
0001271554
0001109116
0001854233
0001553734
0001082278
0001043894
0001678531
0001578318
0001284454
0001337619
0001174266
0001822691
0001083706
0000065312
0000045876
0001471968
0001578809
0001661053
0001084752
0001757073
0000727510
0001419583
0001584952
0001555082
0001592057
0001335239
0001464766
0000316253
0001517393
0001564273
0001731911
0001027207
0001135906
0001651958
0000750199
0001842556
0001428816
0001827248
0000821189
0001883437
0001571498
0001632933
0001826729
0001418065
0001540947
0001726126
0001352010
0002032019
0001022408
0001492832
0002032020
0001956746
0001045450
0001790515
0001946997
0001414953
0000033185
0001261379
0001562872
0001635626
0001746466
0000835357
0000033213
0001101239
0001818221
0001042810
0001747009
0002021042
0000906107
0000895417
0001095858
0000314197
0001020646
0000799235
0001490165
0001227500
0001825875
0001761918
0001877787
0001110361
0001756607
0000922621
0000717826
0001532981
0000872835
0000931182
0001877322
0001624422
0001853860
0000862668
0001883835
0000033488
0001918661
0001957538
0001879754
0001995920
0000866706
0000836937
0001841420
0001865506
0001346526
0000033533
0001382230
0000355999
0001459287
0001531031
0001250897
0001434868
0001451448
0001373988
0001633932
0001448893
0000033619
0001716586
0001140625
0001939696
0001752773
0001596089
0001640997
0000920522
0001437822
0001496337
0001489024
0001001250
0001357878
0001585738
0001688757
0001638058
0001844417
0001728951
0000792935
0001026743
0001822929
0001278465
0001501350
0000896156
0002000410
0001769725
0002032779
0001581178
0001497033
0001026662
0001370637
0001832505
0001693690
0001841258
0001528103
0001083383
0001361937
0001731388
0001634413
0001983736
0000276283
0001710340
0001029199
0001856236
0001861121
0001394130
0001341170
0000842518
0001509351
0001823652
0001502749
0001411165
0001816554
0002024876
0001694665
0001475115
0000837919
0001863719
0001853145
0001360901
0001437352
0001828253
0002037396
0000914748
0001438673
0000868082
0000943184
0001900402
0001527102
0001095073
0001640428
0001711269
0001358483
0002015845
0001532543
0001064411
0001318568
0001438423
0001730869
0000715788
0000072741
0001559865
0001759424
0001834342
0001704596
0001691077
0001700844
0000870826
0001383006
0000728447
0001606364
0002043020
0001570562
0001006655
0001403708
0000884363
0001628908
0001574565
0001052054
0001618835
0001488309
0001543066
0001412558
0000890264
0001617765
0000913165
0001517498
0001805385
0002013792
0001498021
0000753568
0000201779
0001512890
0001478950
0001604643
0001786119
0001852749
0001496818
0001888447
0000316300
0001552189
0001816261
0001524471
0001124140
0001274737
0001263011
0001444279
0001726744
0001528760
0000813781
0001771514
0001821534
0001116284
0001343465
0001561627
0000939767
0002010788
0001297989
0001620179
0001698530
0001476840
0001483510
0001532063
0001495932
0000746515
0001324424
0001643542
0001894954
0001627469
0000851520
0001865408
0001581164
0001575828
0001635881
0001655020
0001078271
0001498522
0001590044
0001289490
0000892534
0001752372
0001372514
0000034088
0001402453
0001175442
0001682639
0001806904
0000876523
0001314102
0001074909
0001934850
0001326801
0001788717
0002028935
0001714379
0001681306
0001408710
0001036960
0001817004
0001276262
0001477968
0001010858
0001062613
0001555492
0000740806
0001048695
0001489588
0001401859
0000814547
0001013237
0000034408
0001703785
0001816233
0001871181
0001573683
0001124024
0001937987
0000922521
0001829426
0001735858
0001294404
0001740915
0001750593
0000915191
0000713095
0001085913
0000034563
0001811999
0000792966
0001698022
0001815737
0001591670
0001856114
0000709337
0000779956
0001839824
0001701261
0000917491
0001805521
0001702388
0001865045
0001993400
0001083643
0000815556
0002013639
0001311735
0001517413
0001371446
0001938534
0000711665
0001476651
0001012771
0001434316
0001066130
0001753162
0000730669
0001122742
0000230211
0001722731
0000849997
0001649749
0001705012
0000845877
0001331465
0001326771
0001329701
0001743886
0001419581
0000310522
0000034903
0001701821
0000277509
0001026214
0001056288
0001486058
0000914329
0000923603
0001659207
0001771928
0001069996
0001048911
0001957001
0001615153
0001687242
0000863894
0002011641
0001567517
0001339005
0001832433
0000922359
0000035214
0000922358
0001316944
0001639877
0001709017
0001325814
0001331757
0001906364
0001912582
0001648416
0001468522
0001787384
0001110649
0001764443
0000357097
0001331754
0001906133
0001958777
0001585064
0001864943
0001144546
0002000046
0001325878
0001818502
0001636639
0000822662
0001852317
0001899996
0001330399
0001329842
0000316736
0001098151
0000352363
0000921299
0002025401
0001611988
0001920453
0002012726
0001331875
0001865482
0001136893
0001974395
0001360752
0001513363
0001430592
0001839550
0001377167
0001534992
0001846576
0001089061
0001721478
0001817565
0001094739
0000886137
0001847874
0001837014
0001366340
0001828937
0001467761
0001605484
0000831378
0001834336
0001844336
0001857855
0001729756
0001733257
0001829328
0001839569
0000862831
0001319643
0001691445
0001445883
0001852407
0001471271
0001387054
0001017907
0001785424
0000035527
0001602409
0001777835
0001081568
0001525306
0001683695
0001370880
0001856365
0000710507
0001210677
0000803578
0001373525
0001472787
0001072842
0000919864
0001057706
0001416876
0000765207
0000719264
0001283582
0001045929
0000811589
0001504678
0000947559
0001469134
0001511198
0000883980
0001070296
0001716697
0000314489
0000703329
0001128227
0001890107
0001521951
0001464963
0000859070
0000712537
0000854395
0000798941
0000840489
0000946647
0000036369
0000932781
0001648903
0001786182
0000708955
0000036029
0001401564
0000036377
0000714562
0001503227
0001415305
0000764038
0001262279
0000946090
0001033128
0001413837
0000921825
0000036966
0001562463
0001408534
0001142129
0001496631
0001051741
0000702325
0000737875
0000860413
0001900035
0000700565
0001003226
0001254595
0001454725
0001389772
0001035976
0001522215
0001622408
0001172102
0001114927
0001490078
0001842883
0000719402
0001138817
0000740663
0001027183
0001543679
0001308648
0001556727
0001769267
0000712534
0000037049
0001943802
0001573590
0000778972
0001395585
0001641229
0002038118
0000036840
0001435508
0000354869
0001822219
0001789940
0001274494
0001447599
0000717806
0001928581
0002023796
0001164964
0001540334
0001709442
0001327607
0000763907
0001031296
0001495584
0001720990
0001637810
0001175505
0001486640
0000798354
0001850059
0001374328
0001177609
0001577189
0001499573
0001526160
0001547546
0001033012
0000012040
0001762301
0001630391
0001574197
0001275168
0001288847
0000925660
0001577785
0001419600
0001772253
0001831481
0000354908
0001519625
0000910073
0001069394
0002035149
0000866374
0001769256
0000037472
0001615219
0001397047
0001402785
0001430960
0001507079
0001790169
0000037634
0001407298
0001128928
0001868941
0000030625
0001975940
0000928054
0001719881
0001135152
0001163199
0001492617
0000943119
0001606645
0001124198
0001360564
0001162194
0001580560
0002019793
0001627487
0001635327
0001083743
0001651052
0001818355
0001163300
0001168325
0001801661
0001889123
0001503458
0001684506
0000037808
0001333563
0001407268
0001590418
0001434842
0001903870
0000923139
0000037785
0001874495
0001145057
0001540729
0000038067
0001647509
0000038074
0000038079
0001822462
0000355019
0001091983
0001840161
0000850209
0001832511
0001935418
0001687919
0001543916
0001406587
0001471781
0001102709
0000890541
0001827821
0000038009
0001538927
0001495925
0001885336
0001382231
0000037996
0001829280
0001822862
0001045986
0001039399
0001678463
0001023313
0001691221
0001419041
0001380393
0000881453
0001823733
0001828377
0001262039
0002026738
0001410428
0001965040
0001824434
0001613394
0001828183
0001667633
0001966394
0001659166
0001842916
0001849294
0001801368
0001666175
0001519751
0001604924
0001590364
0001130385
0001656589
0001741231
0001272597
0001488613
0001401257
0001901305
0001683131
0001989930
0001688941
0001040799
0001309251
0000850971
0001485176
0001936255
0001709819
0000038264
0000912728
0002013807
0000883569
0000352825
0001829999
0001862068
0001600347
0001572616
0001399935
0001754301
0001650132
0002018545
0001555458
0002033807
0002035428
0002011535
0001505823
0001341335
0001424929
0001407067
0001490927
0001825248
0001992870
0001528930
0001688667
0001099234
0001503063
0001580276
0001858258
0000093631
0000724571
0001828326
0001456346
0000722572
0001617572
0000886206
0000038777
0001543652
0001392522
0001325159
0001089319
0001791325
0001031316
0001386044
0000038725
0001557798
0001485074
0001223533
0001691430
0001927719
0001096275
0001526689
0001489979
0001810031
0000723646
0001541884
0001058330
0001331612
0000039020
0000831259
0001047340
0000039047
0001320854
0001550935
0001414043
0001703647
0001544522
0001842223
0001992243
0001602813
0001844224
0001855693
0001333141
0001611647
0001988494
0000039092
0001727263
0001667939
0000913290
0001431766
0001379075
0001310157
0001822711
0002014254
0001670076
0000844059
0001842912
0001832696
0001816090
0001839972
0001690536
0001844270
0001575360
0000020520
0001530249
0001623013
0001078723
0001340786
0001566373
0001501729
0001120129
0001024920
0001527974
0001122063
0001899883
0001637921
0001529463
0001828161
0001422183
0001838413
0001127993
0000846913
0001674930
0000819690
0001484478
0000054441
0000887936
0001680581
0001092570
0000842722
0000891482
0001071411
0000039368
0000319016
0001383729
0001840225
0001321710
0001704711
0001636051
0000886128
0001625376
0001552845
0002010653
0001771885
0001807846
0001273988
0001851182
0000907649
0001499912
0001754581
0001805890
0001889450
0000700564
0001837207
0000039648
0001849280
0001066923
0000861441
0001819794
0001856519
0001839121
0001630430
0001657564
0001513403
0001760764
0001444363
0000821002
0001675644
0001859392
0001337298
0001905920
0001871890
0001560241
0001089872
0001574676
0001030997
0001497165
0001819411
0001852767
0001800315
0001456090
0002000530
0000013156
0001948884
0001784851
0001133416
0001060349
0001856774
0001839799
0001576575
0000918580
0001390478
0001370437
0001391798
0001806156
0001563577
0001635718
0001816906
0001595353
0001867388
0000798371
0001421876
0001768259
0001326380
0001954269
0001603969
0001600847
0001575965
0000043350
0001858912
0001539574
0001799332
0000039899
0001431372
0001579684
0000039911
0001121788
0000749251
0001546392
0001781446
0001379009
0001895618
0001534126
0001699150
0001791145
0001598655
0000075679
0001718512
0001165320
0001740093
0001517006
0001735707
0000808461
0000040211
0001413754
0001096199
0001492850
0001403676
0001996810
0002012980
0001920092
0001644440
0001819796
0001608429
0001848739
0001932393
0001891856
0000772320
0000040570
0000931427
0001443799
0001725430
0001526125
0000886035
0001519894
0000040554
0000924383
0001231457
0000064472
0001326200
0000849399
0001838716
0001275229
0001638287
0001239188
0001342287
0001474735
0000040533
0001390072
0000894556
0001852061
0000040704
0001012620
0000804269
0001183082
0001823365
0001467858
0001534525
0000040545
0001599385
0001059784
0001733294
0001351051
0001853112
0001651721
0001017110
0001865697
0001036478
0001782594
0001796949
0001022321
0000018498
0001487371
0001834489
0001131324
0001126294
0001819810
0001457612
0001261002
0001528356
0001421204
0001314755
0001096142
0001757064
0000355811
0001847806
0000934473
0001346917
0001398659
0001569389
0001166272
0001352302
0001355848
0001116927
0001560905
0001542299
0001044082
0001510518
0000084112
0001011395
0001390134
0000903129
0001398005
0001454010
0001838876
0001595248
0000040987
0002044635
0001276520
0001001115
0001658305
0001853314
0000923796
0000832489
0001073404
0001464591
0000886744
0001292426
0000714395
0001867325
0001609472
0001839608
0001500497
0001415016
0001898496
0001121795
0001681556
0001245791
0001760233
0000912562
0001484504
0001336364
0001855129
0001857816
0001052752
0001392380
0000719274
0001434265
0001432150
0001381435
0001542934
0002023730
0001105101
0001004411
0001848795
0001830214
0001169138
0001653482
0001802749
0000789388
0001064722
0001719489
0001780232
0001781726
0000882095
0001655971
0001061894
0001844505
0001770141
0001841734
0001487522
0001843248
0001014111
0001234006
0000782842
0000868671
0001495240
0001143513
0000912898
0001848672
0001321741
0001818880
0001894951
0001138724
0000041719
0001192448
0001533526
0001848731
0001473490
0000751406
0001693801
0001670961
0001647705
0001583513
0000890066
0001068237
0001846288
0001011662
0000790066
0001090967
0001854445
0001122108
0001627631
0001311486
0000319671
0000897322
0001522724
0001908705
0001629137
0001628739
0001828613
0001459241
0001846084
0001512077
0001725911
0001911545
0000748790
0001780731
0001537917
0001673475
0001897971
0001830696
0001799983
0001145765
0000945114
0001913749
0001649676
0001454504
0001524829
0000727346
0001494904
0001625095
0001831979
0001136294
0001031235
0001821169
0001568427
0001533615
0001823707
0001123360
0001430300
0001430725
0001922331
0001848821
0001643953
0001361540
0000356590
0001323468
0001112920
0001940243
0001057708
0000932021
0001598308
0001835963
0001434728
0001978527
0001383571
0001245104
0001709048
0001938338
0001823383
0001673987
0001888734
0001597131
0001515114
0001511820
0001557860
0001366246
0001366868
0000931799
0001545312
0001382112
0001706945
0001676852
0001081745
0002000762
0001237831
0001499780
0000320335
0001378866
0001582576
0001503161
0001502034
0001816176
0001842563
0001854593
0001528188
0001735092
0000746210
0001659183
0001836100
0001253689
0001852940
0001506983
0001485156
0001174814
0001371534
0001600438
0001886190
0001462013
0001386936
0001609711
0001415916
0000894501
0001808220
0001705445
0001876945
0001463792
0001500122
0000919239
0001537054
0001072725
0001575913
0000042228
0001317833
0001736865
0001502555
0001823896
0001160791
0001206942
0001321847
0001489874
0001207179
0001928340
0001071255
0001317839
0001042784
0001025362
0000814904
0001768012
0001834026
0001761534
0001841209
0001038460
0001038461
0001038286
0001029145
0001172724
0001895144
0001375348
0001011509
0001826376
0001167886
0001800373
0001822792
0000042316
0001858007
0001437925
0000092116
0000886982
0000903571
0001708646
0002027537
0001413659
0001865174
0001674760
0000059860
0000820771
0001772704
0001920145
0001131399
0001746278
0001572694
0001454742
0001068618
0001901606
0001335982
0001850487
0001901612
0001868878
0001538847
0001288776
0001930087
0000943861
0001490636
0001715268
0001847127
0001291733
0001771706
0000825324
0001809519
0001726978
0001816816
0001894630
0001500435
0001720821
0001986817
0001476765
0001828096
0001841080
0001842046
0001837105
0000042582
0001819394
0001783398
0001644406
0001682745
0001903145
0001708176
0001834526
0001978811
0000042682
0001758057
0001883083
0001640265
0001578742
0000070415
0002051380
0001819395
0001897463
0001728117
0001748232
0001461219
0001461237
0001855612
0001456772
0001826492
0001287701
0000042888
0001699031
0001408956
0001514113
0001635282
0001020475
0001550053
0001048620
0001745317
0001181749
0001126961
0001845459
0000931148
0000104889
0001434588
0000716314
0000277135
0001690437
0001690842
0001273441
0001928446
0001205181
0001420239
0000845698
0001497649
0001005011
0001546589
0000861459
0001313310
0001584693
0002015034
0001708441
0001732409
0001815776
0001703644
0001816723
0002020455
0001705181
0000205402
0001408075
0001748945
0001729997
0000723258
0001512138
0000828878
0001588489
0001725210
0001720265
0000914397
0001761325
0000043410
0001732406
0001143068
0001564538
0000744455
0001082506
0001661600
0000043196
0001613665
0001487685
0001497632
0001526543
0001606363
0001831096
0001417172
0001433966
0001487997
0001164552
0001428765
0001614806
0001491471
0001557340
0000909954
0001577898
0001372020
0001695473
0001443388
0001675033
0001058307
0001580836
0000874792
0001114483
0001392449
0001858503
0000854560
0001386278
0001437476
0001300050
0001440517
0001635650
0001552700
0001379606
0001768910
0001491525
0001410056
0001795139
0001641488
0001570843
0001398529
0001966287
0001309402
0001472998
0001282977
0001563922
0001844971
0001269127
0000923120
0001542628
0001735041
0001070524
0001597846
0001712923
0001724755
0001537274
0001145547
0001385613
0001735948
0001790665
0001572386
0001584547
0001088413
0001799788
0001456016
0001630176
0001455271
0001589149
0001743745
0001647338
0000043920
0001629205
0001566912
0001384072
0001492541
0001788841
0001497055
0001824293
0000050725
0001820144
0001832250
0001037390
0001662574
0001600626
0001104265
0001656634
0001771515
0002024114
0000887153
0001876714
0001917993
0001438569
0001463000
0001725293
0001161582
0001841761
0001594109
0001490281
0001163560
0001163966
0001275712
0001775194
0001031203
0001668523
0001604868
0002029023
0001394954
0001809987
0000944480
0001674101
0001076930
0000912892
0001126741
0001368757
0001425715
0001324410
0001375793
0001114700
0000109657
0001315255
0001429592
0001012139
0001504764
0001682325
0001802255
0001046203
0001260990
0001618697
0001375557
0001517399
0001832487
0001618694
0001334126
0001576280
0001804469
0001642375
0001559289
0000924515
0001030749
0001058867
0001618696
0000912463
0001365388
0001267612
0001989788
0001512693
0001592603
0001341726
0001351288
0001639327
0000786110
0000044689
0001821160
0001369795
0001528396
0001509786
0001826669
0001600508
0001286648
0001823776
0001031623
0000885462
0001617977
0001522690
0000874499
0001589061
0001655008
0001676580
0000012659
0001852244
0001057379
0001458631
0001565487
0001596964
0001431499
0001339605
0001894370
0001815779
0001637459
0000355766
0000814286
0000313143
0001568693
0001551739
0001331421
0001561894
0001458631
0001565487
0001617977
0001431499
0001655008
0001894370
0001596964
0001057379
0000355766
0000814286
0001331421
0001568693
0001551739
0001815779
0000315213
0000910406
0001826814
0000788965
0000819913
0001375320
0000887150
0001143155
0000812906
0000313143
0000045012
0001297223
0000106618
0001593275
0001946425
0001388132
0001539680
0001709164
0001069680
0000722723
0001276591
0001770202
0001371541
0001159036
0001936817
0001433642
0001954594
0000750577
0001828588
0001668224
0001359841
0001873723
0000313716
0001354752
0001751876
0000800459
0001404935
0001661306
0000899394
0001109242
0000944695
0000109177
0001901297
0001784567
0001472847
0000793952
0000851310
0001802665
0001769617
0000045947
0001708493
0001612720
0001482554
0001471266
0001900304
0000845289
0001760439
0001131675
0002031069
0001654948
0001578731
0001054579
0001419521
0000930803
0000202058
0001598924
0000045919
0001360214
0000874766
0001487986
0001681302
0001415286
0001720671
0001123494
0001446687
0001841144
0001707306
0000046080
0001750777
0001023514
0001970509
0000216085
0001771908
0000046250
0001498415
0000888919
0000046207
0001402737
0000893847
0001172222
0000354707
0001091491
0001845368
0002019804
0002006779
0001834622
0000858655
0001651716
0001573097
0000356870
0001465264
0001634052
0001003344
0000775215
0001531477
0000860730
0001824013
0001591165
0001441082
0001400810
0001721181
0000916085
0001828673
0002019505
0001141788
0001006837
0001514682
0001822935
0000765880
0001636422
0001848861
0001814114
0001101026
0001791091
0001824846
0000766704
0001418115
0001764013
0001495491
0001537663
0000899749
0001839285
0000731012
0000754813
0001479014
0000844856
0001680139
0001580262
0001833769
0001948864
0001307624
0001845013
0000704415
0001360604
0001144354
0001389072
0001095565
0001428336
0001624025
0001301874
0001850529
0001779372
0001173394
0001567852
0001144967
0001468492
0002029471
0001042418
0001892322
0000046640
0001953988
0001040792
0000799233
0001603993
0000046619
0001040792
0000046640
0001953988
0002029471
0001869105
0001561257
0001611277
0002001699
0001664038
0001610601
0001664038
0001561257
0001602929
0001504912
0001703038
0002001699
0001797956
0001892480
0001829455
0001846416
0001330849
0001145255
0001567345
